1 1
2 1
3 1
4 2
5 3
6 4
7 5
8 8
9 9
10 11
11 32
12 20
13 21
14 26
15 32
16 37
17 44
18 53
19 61
20 71
21 80
22 93
23 105
24 120
25 135
26 165
27 179
28 246
29 235
30 263
31 302
32 323
33 355
34 478
35 447
36 465
37 589
38 559
39 613
40 649
41 698
42 741
43 1011
44 969
45 856
46 1032
47 995
48 1086
49 1222
50 1137
51 1159
52 1282
53 1373
54 1446
55 1624
56 1909
57 1784
58 1901
59 1779
60 1787
61 1970
62 1975
63 2057
64 2162
65 2253
66 2383
67 2498
68 2587
69 2766
70 2865
71 3140
72 3225
73 3232
74 3369
75 3557
76 3898
77 3885
78 4560
79 4320
80 4422
81 4681
82 4978
83 5333
84 5501
85 5717
86 5966
87 6322
88 6565
89 6748
90 7041
91 7332
92 7618
93 7869
94 8250
95 8542
96 8732
97 8746
98 9147
99 9482
100 9883
101 10155
102 10607
103 10927
104 11592
105 15597
106 12641
107 12674
108 13079
109 13602
110 14041
111 14389
112 15292
113 15546
114 16081
115 16471
116 16843
117 17369
118 18266
119 18438
120 18926
121 19550
122 20207
123 20954
124 21269
125 21875
126 22573
127 23377
128 24184
129 24487
130 25021
131 25839
132 26860
133 27539
134 28045
135 28893
136 30072
137 30639
138 30579
139 33196
140 35013
141 32952
142 35051
143 35985
144 36471
145 36286
146 36858
147 42196
148 38847
149 39899
150 40810
151 41107
152 42533
153 43388
154 44618
155 45511
156 46392
157 47681
158 48349
159 49943
160 50522
161 51523
162 52512
163 57127
164 55558
165 56714
166 57130
167 62082
168 59405
169 61030
170 61632
171 63187
172 64337
173 66094
174 67382
175 68440
176 69910
177 71186
178 71865
179 79782
180 77582
181 76678
182 81275
183 79246
184 80250
185 81695
186 83587
187 85242
188 86987
189 87751
190 89607
191 97952
192 94984
193 98819
194 95658
195 97320
196 98717
197 100894
198 102815
199 104441
200 105969
201 113238
202 116354
203 112096
204 113032
205 114684
206 116780
207 118349
208 119927
209 123222
210 129848
211 132253
212 127800
213 129063
214 131637
215 133761
216 135639
217 142545
218 146113
219 141288
220 142648
221 145779
222 148009
223 150028
224 158814
225 159169
226 155768
227 159309
228 162426
229 164318
230 169846
231 176446
232 168852
233 172626
234 177067
235 179252
236 193871
237 183055
238 184231
239 187343
240 189947
241 196549
242 200140
243 197457
244 200414
245 203109
246 215983
247 210785
248 210762
249 215249
250 216031
251 231059
252 224678
253 225640
254 227702
255 240461
256 236974
257 236671
258 240593
259 247718
260 255026
261 248659
262 252287
263 260319
264 264397
265 262310
266 265090
267 280058
268 273408
269 274206
270 280862
271 288508
272 284913
273 286728
274 308400
275 300301
276 298676
277 304865
278 312861
279 309095
280 315055
281 325637
282 320061
283 326037
284 335268
285 331566
286 338233
287 361568
288 359045
289 363355
290 375688
291 373406
292 376154
293 367897
294 369453
295 379191
296 373627
297 382361
298 388712
299 389768
300 397154
