300 396321
299 397001
298 402408
297 411421
296 404650
295 401285
294 401056
293 403305
292 400750
291 404130
290 403354
289 398730
288 408363
287 398173
286 407360
285 400637
284 398569
283 401937
282 398294
281 402652
280 401590
279 394147
278 402454
277 398902
276 407363
275 399220
274 393780
273 402875
272 396134
271 407808
270 397316
269 389324
268 399293
267 407519
266 397016
265 395407
264 389726
263 400607
262 391089
261 394977
260 392069
259 384936
258 395347
257 386027
256 384423
255 394305
254 380818
253 389420
252 384381
251 378718
250 391224
249 375790
248 386792
247 395433
246 373389
245 379912
244 374887
243 373977
242 382241
241 367753
240 375865
239 373705
238 366130
237 379085
236 376646
235 388308
234 378738
233 359418
232 366749
231 365637
230 356912
229 374109
228 355881
227 353617
226 367083
225 350210
224 348794
223 361228
222 345625
221 344646
220 360854
219 342070
218 350015
217 342771
216 338724
215 346445
214 336052
213 331934
212 342371
211 333209
210 328968
209 340233
208 328884
207 322697
206 335773
205 322975
204 318938
203 319593
202 321912
201 313677
200 315901
199 318750
198 309117
197 310244
196 314742
195 304491
194 302664
193 311098
192 299993
191 299611
190 297169
189 301668
188 290083
187 291506
186 294820
185 285555
184 283759
183 286069
182 284268
181 276302
180 279180
179 281697
178 274094
177 268214
176 270743
175 271785
174 263182
173 267423
172 260357
171 267170
170 253799
169 258285
168 251764
167 256664
166 247890
165 248677
164 241853
163 247829
162 238444
161 241406
160 233993
159 242061
158 231811
157 233108
156 226936
155 232354
154 225864
153 220465
152 222575
151 215833
150 221707
149 211971
148 215516
147 207754
146 212685
145 208121
144 201393
143 203433
142 198030
141 207181
140 197308
139 191944
138 192865
137 187931
136 191740
135 187580
134 180842
133 183608
132 179451
131 182664
130 190317
129 180644
128 178046
127 167899
126 165287
125 163065
124 168458
123 159433
122 161052
121 154644
120 153194
119 150852
118 155541
117 149884
116 145092
115 147828
114 140572
113 139960
112 137246
111 141415
110 135475
109 131146
108 133737
107 127729
106 125396
105 122899
104 122721
103 124935
102 121110
101 116056
100 118418
99 111605
98 110163
97 108669
96 106043
95 104721
94 109279
93 104142
92 99017
91 101580
90 94902
89 93247
88 91831
87 90359
86 88565
85 87158
84 88383
83 86915
82 83533
81 79564
80 82045
79 76939
78 75012
77 73386
76 71721
75 70236
74 68471
73 66798
72 65464
71 63843
70 67566
69 62932
68 59679
67 57492
66 56008
65 58744
64 52964
63 51860
62 50217
61 48429
60 47656
59 45558
58 44660
57 42967
56 41617
55 40820
54 39339
53 38161
52 36434
51 35174
50 34947
49 35126
48 33819
47 31197
46 29830
45 29394
44 28132
43 27253
42 25529
41 23895
40 22916
39 22774
38 24876
37 19631
36 18570
35 18282
34 16798
33 15838
32 15015
31 14015
30 13382
29 12526
28 11728
27 11164
26 10125
25 9385
24 8751
23 8216
22 7405
21 6893
20 6186
19 5682
18 5071
17 4572
16 4032
15 3816
14 3147
13 2743
12 2325
11 2288
10 1672
9 1383
8 1103
7 902
6 632
5 439
4 288
3 192
2 100
1 29
